id
23283746
10831022
34989234
24902094
18747458
25904371
21939064
20951757
15286249
12720385
38652253
28191466
20765522
34176796
12574089
31790217
36778693
30258633
34572567
26383977
26579599
16573467
29861786
39065133
33479841
22320433
26518058
32788432
24282098
15390422
13207955
15424157
31482446
38867039
20540248
22714262
28123247
12675265
33671931
13795286
24530781
24676011
30300121
33789549
32701749
36622924
14297390
20169865
28672636
34222898
17484220
34564317
27226374
32039808
16359529
26142861
24709171
23651240
21826062
29347979
21381590
20584869
25603617
39285934
36752683
38417388
37655741
11587076
26521061
31756318
27546387
13632660
18440536
38541361
35494196
22314177
15264289
19873785
35550448
10476431
14945311
13650670
19544596
37781284
13148909
15482132
37272400
35078900
18790546
17663982
22691364
16867625
32038952
34168156
25924451
29319954
18333183
12265372
38244453
20750834
